%YAML:1.0
---
Camera Count: 2
Point Count: 884
Rotations:
   - !!opencv-matrix
      rows: 3
      cols: 3
      dt: d
      data: [ 1., 0., 0., 0., 1., 0., 0., 0., 1. ]
   - !!opencv-matrix
      rows: 3
      cols: 3
      dt: d
      data: [ 9.3232299890942782e-01, -1.5702249775365489e-02,
          -3.6128557272125233e-01, 9.3414583053889107e-03,
          9.9976921136773689e-01, -1.9345830503288492e-02,
          3.6150596518074218e-01, 1.4661628597305361e-02,
          9.3225451127125947e-01 ]
Motions:
   - !!opencv-matrix
      rows: 3
      cols: 1
      dt: d
      data: [ 0., 0., 0. ]
   - !!opencv-matrix
      rows: 3
      cols: 1
      dt: d
      data: [ 9.9596080747300009e-01, 2.1183738149722610e-02,
          8.7254336372089333e-02 ]
Points:
   - [ -1.2505468130111694e+00, 2.3343643546104431e-01,
       2.6632568836212158e+00 ]
   - [ -1.2440546751022339e+00, 2.2973886132240295e-01,
       2.6613445281982422e+00 ]
   - [ -1.2440546751022339e+00, 2.2973886132240295e-01,
       2.6613445281982422e+00 ]
   - [ -1.2690820693969727e+00, -6.6420030593872070e-01,
       2.7159476280212402e+00 ]
   - [ -1.2547684907913208e+00, -2.0643107593059540e-01,
       2.6930725574493408e+00 ]
   - [ -1.2638609409332275e+00, -6.8913346529006958e-01,
       2.7135426998138428e+00 ]
   - [ -1.2520054578781128e+00, -1.8869048357009888e-01,
       2.6929337978363037e+00 ]
   - [ -1.2502843141555786e+00, -2.1613919734954834e-01,
       2.6898763179779053e+00 ]
   - [ -1.2510601282119751e+00, -3.4325465559959412e-01,
       2.6964104175567627e+00 ]
   - [ -1.2314651012420654e+00, 2.3134803771972656e-01,
       2.6546587944030762e+00 ]
   - [ -1.2302874326705933e+00, 3.5579976439476013e-01,
       2.6527426242828369e+00 ]
   - [ -1.2302874326705933e+00, 3.5579976439476013e-01,
       2.6527426242828369e+00 ]
   - [ -1.2487694025039673e+00, -4.2746967077255249e-01,
       2.7000870704650879e+00 ]
   - [ -1.2217367887496948e+00, 3.5636517405509949e-01,
       2.6487441062927246e+00 ]
   - [ -1.2414594888687134e+00, -5.1860594749450684e-01,
       2.7039086818695068e+00 ]
   - [ -1.2305866479873657e+00, -1.8597130477428436e-01,
       2.6824913024902344e+00 ]
   - [ -1.2142686843872070e+00, 3.5790631175041199e-01,
       2.6473090648651123e+00 ]
   - [ -1.2303975820541382e+00, -1.9009572267532349e-01,
       2.6830847263336182e+00 ]
   - [ -1.2319267988204956e+00, -2.5903353095054626e-01,
       2.6886289119720459e+00 ]
   - [ -1.2352232933044434e+00, -4.3050456047058105e-01,
       2.6979889869689941e+00 ]
   - [ -1.2352232933044434e+00, -4.3050456047058105e-01,
       2.6979889869689941e+00 ]
   - [ -1.2411013841629028e+00, -6.6376847028732300e-01,
       2.7122268676757813e+00 ]
   - [ -1.2409549951553345e+00, -6.9325590133666992e-01,
       2.7124116420745850e+00 ]
   - [ -1.2264883518218994e+00, -1.8293945491313934e-01,
       2.6820604801177979e+00 ]
   - [ -1.2162832021713257e+00, 1.4773027598857880e-01,
       2.6630113124847412e+00 ]
   - [ -1.2339665889739990e+00, -6.7851179838180542e-01,
       2.7122068405151367e+00 ]
   - [ -1.2176817655563354e+00, -2.0351494848728180e-01,
       2.6812431812286377e+00 ]
   - [ -1.2204130887985229e+00, -2.6130154728889465e-01,
       2.6875169277191162e+00 ]
   - [ -1.1966873407363892e+00, 4.9001467227935791e-01,
       2.6389894485473633e+00 ]
   - [ -1.2125651836395264e+00, -1.9057777523994446e-01,
       2.6835622787475586e+00 ]
   - [ -1.2102677822113037e+00, -2.6420792937278748e-01,
       2.6852872371673584e+00 ]
   - [ -1.2102677822113037e+00, -2.6420792937278748e-01,
       2.6852872371673584e+00 ]
   - [ -1.1856901645660400e+00, 3.6219531297683716e-01,
       2.6482841968536377e+00 ]
   - [ -1.2025535106658936e+00, -4.1485822200775146e-01,
       2.6879253387451172e+00 ]
   - [ -1.1851642131805420e+00, 1.4770640432834625e-01,
       2.6590356826782227e+00 ]
   - [ -1.1906595230102539e+00, -8.1663936376571655e-02,
       2.6718425750732422e+00 ]
   - [ -1.2017599344253540e+00, -6.1204963922500610e-01,
       2.6992583274841309e+00 ]
   - [ -1.1816112995147705e+00, 2.3830069601535797e-01,
       2.6539869308471680e+00 ]
   - [ -1.1816112995147705e+00, 2.3830069601535797e-01,
       2.6539869308471680e+00 ]
   - [ -1.2008035182952881e+00, -6.8928068876266479e-01,
       2.7090618610382080e+00 ]
   - [ -1.1842546463012695e+00, -2.6954498887062073e-01,
       2.6772818565368652e+00 ]
   - [ -1.1956560611724854e+00, -6.7782872915267944e-01,
       2.7046787738800049e+00 ]
   - [ -1.1739062070846558e+00, -4.3869897723197937e-01,
       2.6852278709411621e+00 ]
   - [ -1.1768180131912231e+00, -5.3612899780273438e-01,
       2.6925668716430664e+00 ]
   - [ -1.1726105213165283e+00, -4.2195335030555725e-01,
       2.6842422485351563e+00 ]
   - [ -1.1746551990509033e+00, -5.6927478313446045e-01,
       2.6951327323913574e+00 ]
   - [ -1.1668964624404907e+00, -4.3429940938949585e-01,
       2.6841993331909180e+00 ]
   - [ -1.1672493219375610e+00, -6.0843062400817871e-01,
       2.6970767974853516e+00 ]
   - [ -1.1666098833084106e+00, -6.8503105640411377e-01,
       2.6991021633148193e+00 ]
   - [ -1.1411951780319214e+00, 2.2735048830509186e-01,
       2.6424913406372070e+00 ]
   - [ -1.1408044099807739e+00, 1.9238904118537903e-01,
       2.6443107128143311e+00 ]
   - [ -1.1515932083129883e+00, -1.8795810639858246e-01,
       2.6705985069274902e+00 ]
   - [ -1.1434855461120605e+00, 1.1240722984075546e-01,
       2.6526398658752441e+00 ]
   - [ -1.1618679761886597e+00, -6.6644328832626343e-01,
       2.6984393596649170e+00 ]
   - [ -1.1625747680664063e+00, -6.6225057840347290e-01,
       2.7011411190032959e+00 ]
   - [ -1.1116735935211182e+00, 5.3991818428039551e-01,
       2.5836095809936523e+00 ]
   - [ -1.1619629859924316e+00, -7.2020959854125977e-01,
       2.7011337280273438e+00 ]
   - [ -1.1436024904251099e+00, -8.1948600709438324e-02,
       2.6638181209564209e+00 ]
   - [ -1.1565688848495483e+00, -5.8087122440338135e-01,
       2.6969952583312988e+00 ]
   - [ -1.1565688848495483e+00, -5.8087122440338135e-01,
       2.6969952583312988e+00 ]
   - [ -1.1439129114151001e+00, -1.5633596479892731e-01,
       2.6677958965301514e+00 ]
   - [ -1.1512159109115601e+00, -6.0026633739471436e-01,
       2.6981527805328369e+00 ]
   - [ -1.1512159109115601e+00, -6.0026633739471436e-01,
       2.6981527805328369e+00 ]
   - [ -1.1388049125671387e+00, -3.1333884596824646e-01,
       2.6717944145202637e+00 ]
   - [ -1.1257455348968506e+00, 1.9751253724098206e-01,
       2.6417965888977051e+00 ]
   - [ -1.1175099611282349e+00, 4.9776530265808105e-01,
       2.6236379146575928e+00 ]
   - [ -1.1225548982620239e+00, 2.4363175034523010e-01,
       2.6408722400665283e+00 ]
   - [ -1.1150482892990112e+00, 4.9357554316520691e-01,
       2.6246991157531738e+00 ]
   - [ -1.1290620565414429e+00, 1.6599684953689575e-02,
       2.6587107181549072e+00 ]
   - [ -1.1290620565414429e+00, 1.6599684953689575e-02,
       2.6587107181549072e+00 ]
   - [ -1.1396117210388184e+00, -5.3001177310943604e-01,
       2.6839315891265869e+00 ]
   - [ -1.1406910419464111e+00, -6.8706321716308594e-01,
       2.6943378448486328e+00 ]
   - [ -1.1176977157592773e+00, 2.5201988220214844e-01,
       2.6414484977722168e+00 ]
   - [ -1.1122128963470459e+00, 4.4564151763916016e-01,
       2.6317265033721924e+00 ]
   - [ -1.1074656248092651e+00, 4.9772226810455322e-01,
       2.6228468418121338e+00 ]
   - [ -1.1333812475204468e+00, -6.6246914863586426e-01,
       2.6960976123809814e+00 ]
   - [ -1.1333812475204468e+00, -6.6246914863586426e-01,
       2.6960976123809814e+00 ]
   - [ -1.1096993684768677e+00, 2.3789995908737183e-01,
       2.6407349109649658e+00 ]
   - [ -1.1020948886871338e+00, 4.9438565969467163e-01,
       2.6249098777770996e+00 ]
   - [ -1.1192688941955566e+00, -2.6166093349456787e-01,
       2.6673696041107178e+00 ]
   - [ -1.1022099256515503e+00, 3.0126306414604187e-01,
       2.6309063434600830e+00 ]
